Ancona <-
structure(list(rater = structure(c(3L, 3L, 3L, 3L, 3L, 3L, 3L,
3L, 3L, 3L, 3L, 3L, 3L, 3L, 3L, 3L, 3L, 3L, 3L, 3L, 3L, 3L, 3L,
3L, 3L, 3L, 3L, 3L, 3L, 3L, 4L, 4L, 4L, 4L, 4L, 4L, 4L, 4L, 4L,
4L, 4L, 4L, 4L, 4L, 4L, 4L, 4L, 4L, 4L, 4L, 4L, 4L, 4L, 4L, 4L,
4L, 4L, 4L, 4L, 4L, 10L, 10L, 10L, 10L, 10L, 10L, 10L, 10L, 10L,
10L, 10L, 10L, 10L, 10L, 10L, 10L, 10L, 10L, 10L, 10L, 10L, 10L,
10L, 10L, 10L, 10L, 10L, 10L, 10L, 10L, 11L, 11L, 11L, 11L, 11L,
11L, 11L, 11L, 11L, 11L, 11L, 11L, 11L, 11L, 11L, 11L, 11L, 11L,
11L, 11L, 11L, 11L, 11L, 11L, 11L, 11L, 11L, 11L, 11L, 11L, 13L,
13L, 13L, 13L, 13L, 13L, 13L, 13L, 13L, 13L, 13L, 13L, 13L, 13L,
13L, 13L, 13L, 13L, 13L, 13L, 13L, 13L, 13L, 13L, 13L, 13L, 13L,
13L, 13L, 13L, 16L, 16L, 16L, 16L, 16L, 16L, 16L, 16L, 16L, 16L,
16L, 16L, 16L, 16L, 16L, 16L, 16L, 16L, 16L, 16L, 16L, 16L, 16L,
16L, 16L, 16L, 16L, 16L, 16L, 16L, 12L, 12L, 12L, 12L, 12L, 12L,
12L, 12L, 12L, 12L, 12L, 12L, 12L, 12L, 12L, 12L, 12L, 12L, 12L,
12L, 12L, 12L, 12L, 12L, 12L, 12L, 12L, 12L, 12L, 12L, 8L, 8L,
8L, 8L, 8L, 8L, 8L, 8L, 8L, 8L, 8L, 8L, 8L, 8L, 8L, 8L, 8L, 8L,
8L, 8L, 8L, 8L, 8L, 8L, 8L, 8L, 8L, 8L, 8L, 8L, 14L, 14L, 14L,
14L, 14L, 14L, 14L, 14L, 14L, 14L, 14L, 14L, 14L, 14L, 14L, 14L,
14L, 14L, 14L, 14L, 14L, 14L, 14L, 14L, 14L, 14L, 14L, 14L, 14L,
14L, 5L, 5L, 5L, 5L, 5L, 5L, 5L, 5L, 5L, 5L, 5L, 5L, 5L, 5L,
5L, 5L, 5L, 5L, 5L, 5L, 5L, 5L, 5L, 5L, 5L, 5L, 5L, 5L, 5L, 5L,
9L, 9L, 9L, 9L, 9L, 9L, 9L, 9L, 9L, 9L, 9L, 9L, 9L, 9L, 9L, 9L,
9L, 9L, 9L, 9L, 9L, 9L, 9L, 9L, 9L, 9L, 9L, 9L, 9L, 9L, 6L, 6L,
6L, 6L, 6L, 6L, 6L, 6L, 6L, 6L, 6L, 6L, 6L, 6L, 6L, 6L, 6L, 6L,
6L, 6L, 6L, 6L, 6L, 6L, 6L, 6L, 6L, 6L, 6L, 6L, 2L, 2L, 2L, 2L,
2L, 2L, 2L, 2L, 2L, 2L, 2L, 2L, 2L, 2L, 2L, 2L, 2L, 2L, 2L, 2L,
2L, 2L, 2L, 2L, 2L, 2L, 2L, 2L, 2L, 2L, 1L, 1L, 1L, 1L, 1L, 1L,
1L, 1L, 1L, 1L, 1L, 1L, 1L, 1L, 1L, 1L, 1L, 1L, 1L, 1L, 1L, 1L,
1L, 1L, 1L, 1L, 1L, 1L, 1L, 1L, 15L, 15L, 15L, 15L, 15L, 15L,
15L, 15L, 15L, 15L, 15L, 15L, 15L, 15L, 15L, 15L, 15L, 15L, 15L,
15L, 15L, 15L, 15L, 15L, 15L, 15L, 15L, 15L, 15L, 15L, 7L, 7L,
7L, 7L, 7L, 7L, 7L, 7L, 7L, 7L, 7L, 7L, 7L, 7L, 7L, 7L, 7L, 7L,
7L, 7L, 7L, 7L, 7L, 7L, 7L, 7L, 7L, 7L, 7L, 7L, 17L, 17L, 17L,
17L, 17L, 17L, 17L, 17L, 17L, 17L, 17L, 17L, 17L, 17L, 17L, 17L,
17L, 17L, 17L, 17L, 17L, 17L, 17L, 17L, 17L, 17L, 17L, 17L, 17L,
17L), .Label = c("112345", "1212", "123", "1234", "12345", "123456",
"1508", "456", "55555", "A1268796D", "butterscotch", "BxC", "delaunay",
"etabeta", "prova1", "r566f6688", "vf"), class = "factor"), item = c(120L,
48L, 88L, 32L, 24L, 100L, 52L, 80L, 72L, 96L, 48L, 24L, 96L,
100L, 52L, 80L, 88L, 72L, 120L, 32L, 72L, 48L, 24L, 32L, 96L,
52L, 120L, 80L, 100L, 88L, 120L, 48L, 88L, 32L, 24L, 100L, 52L,
80L, 72L, 96L, 48L, 24L, 96L, 100L, 52L, 80L, 88L, 72L, 120L,
32L, 72L, 48L, 24L, 32L, 96L, 52L, 120L, 80L, 100L, 88L, 120L,
48L, 88L, 32L, 24L, 100L, 52L, 80L, 72L, 96L, 48L, 24L, 96L,
100L, 52L, 80L, 88L, 72L, 120L, 32L, 72L, 48L, 24L, 32L, 96L,
52L, 120L, 80L, 100L, 88L, 120L, 48L, 88L, 32L, 24L, 100L, 52L,
80L, 72L, 96L, 48L, 24L, 96L, 100L, 52L, 80L, 88L, 72L, 120L,
32L, 72L, 48L, 24L, 32L, 96L, 52L, 120L, 80L, 100L, 88L, 120L,
48L, 88L, 32L, 24L, 100L, 52L, 80L, 72L, 96L, 48L, 24L, 96L,
100L, 52L, 80L, 88L, 72L, 120L, 32L, 72L, 48L, 24L, 32L, 96L,
52L, 120L, 80L, 100L, 88L, 120L, 48L, 88L, 32L, 24L, 100L, 52L,
80L, 72L, 96L, 48L, 24L, 96L, 100L, 52L, 80L, 88L, 72L, 120L,
32L, 72L, 48L, 24L, 32L, 96L, 52L, 120L, 80L, 100L, 88L, 120L,
48L, 88L, 32L, 24L, 100L, 52L, 80L, 72L, 96L, 48L, 24L, 96L,
100L, 52L, 80L, 88L, 72L, 120L, 32L, 72L, 48L, 24L, 32L, 96L,
52L, 120L, 80L, 100L, 88L, 120L, 48L, 88L, 32L, 24L, 100L, 52L,
80L, 72L, 96L, 48L, 24L, 96L, 100L, 52L, 80L, 88L, 72L, 120L,
32L, 72L, 48L, 24L, 32L, 96L, 52L, 120L, 80L, 100L, 88L, 120L,
48L, 88L, 32L, 24L, 100L, 52L, 80L, 72L, 96L, 48L, 24L, 96L,
100L, 52L, 80L, 88L, 72L, 120L, 32L, 72L, 48L, 24L, 32L, 96L,
52L, 120L, 80L, 100L, 88L, 120L, 48L, 88L, 32L, 24L, 100L, 52L,
80L, 72L, 96L, 48L, 24L, 96L, 100L, 52L, 80L, 88L, 72L, 120L,
32L, 72L, 48L, 24L, 32L, 96L, 52L, 120L, 80L, 100L, 88L, 120L,
48L, 88L, 32L, 24L, 100L, 52L, 80L, 72L, 96L, 48L, 24L, 96L,
100L, 52L, 80L, 88L, 72L, 120L, 32L, 72L, 48L, 24L, 32L, 96L,
52L, 120L, 80L, 100L, 88L, 120L, 48L, 88L, 32L, 24L, 100L, 52L,
80L, 72L, 96L, 48L, 24L, 96L, 100L, 52L, 80L, 88L, 72L, 120L,
32L, 72L, 48L, 24L, 32L, 96L, 52L, 120L, 80L, 100L, 88L, 120L,
48L, 88L, 32L, 24L, 100L, 52L, 80L, 72L, 96L, 48L, 24L, 96L,
100L, 52L, 80L, 88L, 72L, 120L, 32L, 72L, 48L, 24L, 32L, 96L,
52L, 120L, 80L, 100L, 88L, 120L, 48L, 88L, 32L, 24L, 100L, 52L,
80L, 72L, 96L, 48L, 24L, 96L, 100L, 52L, 80L, 88L, 72L, 120L,
32L, 72L, 48L, 24L, 32L, 96L, 52L, 120L, 80L, 100L, 88L, 120L,
48L, 88L, 32L, 24L, 100L, 52L, 80L, 72L, 96L, 48L, 24L, 96L,
100L, 52L, 80L, 88L, 72L, 120L, 32L, 72L, 48L, 24L, 32L, 96L,
52L, 120L, 80L, 100L, 88L, 120L, 48L, 88L, 32L, 24L, 100L, 52L,
80L, 72L, 96L, 48L, 24L, 96L, 100L, 52L, 80L, 88L, 72L, 120L,
32L, 72L, 48L, 24L, 32L, 96L, 52L, 120L, 80L, 100L, 88L, 120L,
48L, 88L, 32L, 24L, 100L, 52L, 80L, 72L, 96L, 48L, 24L, 96L,
100L, 52L, 80L, 88L, 72L, 120L, 32L, 72L, 48L, 24L, 32L, 96L,
52L, 120L, 80L, 100L, 88L), repl = c(1L, 1L, 1L, 1L, 1L, 1L,
1L, 1L, 1L, 1L, 2L, 2L, 2L, 2L, 2L, 2L, 2L, 2L, 2L, 2L, 3L, 3L,
3L, 3L, 3L, 3L, 3L, 3L, 3L, 3L, 1L, 1L, 1L, 1L, 1L, 1L, 1L, 1L,
1L, 1L, 2L, 2L, 2L, 2L, 2L, 2L, 2L, 2L, 2L, 2L, 3L, 3L, 3L, 3L,
3L, 3L, 3L, 3L, 3L, 3L, 1L, 1L, 1L, 1L, 1L, 1L, 1L, 1L, 1L, 1L,
2L, 2L, 2L, 2L, 2L, 2L, 2L, 2L, 2L, 2L, 3L, 3L, 3L, 3L, 3L, 3L,
3L, 3L, 3L, 3L, 1L, 1L, 1L, 1L, 1L, 1L, 1L, 1L, 1L, 1L, 2L, 2L,
2L, 2L, 2L, 2L, 2L, 2L, 2L, 2L, 3L, 3L, 3L, 3L, 3L, 3L, 3L, 3L,
3L, 3L, 1L, 1L, 1L, 1L, 1L, 1L, 1L, 1L, 1L, 1L, 2L, 2L, 2L, 2L,
2L, 2L, 2L, 2L, 2L, 2L, 3L, 3L, 3L, 3L, 3L, 3L, 3L, 3L, 3L, 3L,
1L, 1L, 1L, 1L, 1L, 1L, 1L, 1L, 1L, 1L, 2L, 2L, 2L, 2L, 2L, 2L,
2L, 2L, 2L, 2L, 3L, 3L, 3L, 3L, 3L, 3L, 3L, 3L, 3L, 3L, 1L, 1L,
1L, 1L, 1L, 1L, 1L, 1L, 1L, 1L, 2L, 2L, 2L, 2L, 2L, 2L, 2L, 2L,
2L, 2L, 3L, 3L, 3L, 3L, 3L, 3L, 3L, 3L, 3L, 3L, 1L, 1L, 1L, 1L,
1L, 1L, 1L, 1L, 1L, 1L, 2L, 2L, 2L, 2L, 2L, 2L, 2L, 2L, 2L, 2L,
3L, 3L, 3L, 3L, 3L, 3L, 3L, 3L, 3L, 3L, 1L, 1L, 1L, 1L, 1L, 1L,
1L, 1L, 1L, 1L, 2L, 2L, 2L, 2L, 2L, 2L, 2L, 2L, 2L, 2L, 3L, 3L,
3L, 3L, 3L, 3L, 3L, 3L, 3L, 3L, 1L, 1L, 1L, 1L, 1L, 1L, 1L, 1L,
1L, 1L, 2L, 2L, 2L, 2L, 2L, 2L, 2L, 2L, 2L, 2L, 3L, 3L, 3L, 3L,
3L, 3L, 3L, 3L, 3L, 3L, 1L, 1L, 1L, 1L, 1L, 1L, 1L, 1L, 1L, 1L,
2L, 2L, 2L, 2L, 2L, 2L, 2L, 2L, 2L, 2L, 3L, 3L, 3L, 3L, 3L, 3L,
3L, 3L, 3L, 3L, 1L, 1L, 1L, 1L, 1L, 1L, 1L, 1L, 1L, 1L, 2L, 2L,
2L, 2L, 2L, 2L, 2L, 2L, 2L, 2L, 3L, 3L, 3L, 3L, 3L, 3L, 3L, 3L,
3L, 3L, 1L, 1L, 1L, 1L, 1L, 1L, 1L, 1L, 1L, 1L, 2L, 2L, 2L, 2L,
2L, 2L, 2L, 2L, 2L, 2L, 3L, 3L, 3L, 3L, 3L, 3L, 3L, 3L, 3L, 3L,
1L, 1L, 1L, 1L, 1L, 1L, 1L, 1L, 1L, 1L, 2L, 2L, 2L, 2L, 2L, 2L,
2L, 2L, 2L, 2L, 3L, 3L, 3L, 3L, 3L, 3L, 3L, 3L, 3L, 3L, 1L, 1L,
1L, 1L, 1L, 1L, 1L, 1L, 1L, 1L, 2L, 2L, 2L, 2L, 2L, 2L, 2L, 2L,
2L, 2L, 3L, 3L, 3L, 3L, 3L, 3L, 3L, 3L, 3L, 3L, 1L, 1L, 1L, 1L,
1L, 1L, 1L, 1L, 1L, 1L, 2L, 2L, 2L, 2L, 2L, 2L, 2L, 2L, 2L, 2L,
3L, 3L, 3L, 3L, 3L, 3L, 3L, 3L, 3L, 3L, 1L, 1L, 1L, 1L, 1L, 1L,
1L, 1L, 1L, 1L, 2L, 2L, 2L, 2L, 2L, 2L, 2L, 2L, 2L, 2L, 3L, 3L,
3L, 3L, 3L, 3L, 3L, 3L, 3L, 3L),