CardOutput <-
structure(list(Age = c(66, 73, 53, 28, 72, 71, 71, 53, 57, 75, 
53, 24, 72, 56, 64), Diag = structure(c(1L, 1L, 1L, 2L, 2L, 1L, 
1L, 1L, 1L, 2L, 1L, 3L, 1L, 1L, 1L), .Label = c("sepsis", "cardiogenic", 
"hypothermia"), class = "factor"), VO2 = c(207, 300, 289, 150, 
350, 150, 305, 140, 167, 318, 363, 170, 265, 330, 230), Svo2 = c(63, 
75, 69, 70, 66, 70, 75, 74, 63, 64, 72, 82, 62, 80, 63), Scvo2 = c(62, 
78, 70, 71, 68, 72, 74, 74, 76, 61, 70, 80, 70, 84, 61), TCO = c(4.9, 
7.4, 8.1, 3.1, 5.7, 3.1, 6.3, 3.1, 4.1, 6.1, 8.5, 2.3, 5.3, 19.5, 
4.2), FCO = c(5.3, 10.2, 8.7, 3.7, 7.6, 3.7, 9.6, 3.7, 3.4, 6.8, 
10.4, 2, 5.9, 19, 4.6), Sex = structure(c(2L, 2L, 1L, 1L, 2L, 
2L, 1L, 2L, 1L, 1L, 2L, 2L, 1L, 2L, 1L), .Label = c("F", "M"), class = "factor")), .Names = c("Age", 
"Diag", "VO2", "Svo2", "Scvo2", "TCO", "FCO", "Sex"), row.names = c(NA, 
-15L), class = "data.frame")
