cardiac <-
structure(list(meth = structure(c(2, 2, 2, 2, 2, 2, 2, 2, 2, 
2, 2, 2, 2, 2, 2, 2, 2, 2, 2, 2, 2, 2, 2, 2, 2, 2, 2, 2, 2, 2, 
2, 2, 2, 2, 2, 2, 2, 2, 2, 2, 2, 2, 2, 2, 2, 2, 2, 2, 2, 2, 2, 
2, 2, 2, 2, 2, 2, 2, 2, 2, 1, 1, 1, 1, 1, 1, 1, 1, 1, 1, 1, 1, 
1, 1, 1, 1, 1, 1, 1, 1, 1, 1, 1, 1, 1, 1, 1, 1, 1, 1, 1, 1, 1, 
1, 1, 1, 1, 1, 1, 1, 1, 1, 1, 1, 1, 1, 1, 1, 1, 1, 1, 1, 1, 1, 
1, 1, 1, 1, 1, 1), .Label = c("IC", "RV"), class = "factor"), 
    item = c(1, 1, 1, 1, 1, 2, 2, 2, 2, 3, 3, 3, 3, 3, 3, 4, 
    4, 4, 4, 4, 5, 5, 5, 5, 5, 5, 6, 6, 6, 6, 7, 7, 7, 7, 8, 
    8, 8, 8, 8, 8, 9, 9, 9, 10, 10, 10, 10, 10, 11, 11, 11, 11, 
    11, 11, 12, 12, 12, 12, 12, 12, 1, 1, 1, 1, 1, 2, 2, 2, 2, 
    3, 3, 3, 3, 3, 3, 4, 4, 4, 4, 4, 5, 5, 5, 5, 5, 5, 6, 6, 
    6, 6, 7, 7, 7, 7, 8, 8, 8, 8, 8, 8, 9, 9, 9, 10, 10, 10, 
    10, 10, 11, 11, 11, 11, 11, 11, 12, 12, 12, 12, 12, 12), 
    repl = c(1, 2, 3, 4, 5, 1, 2, 3, 4, 1, 2, 3, 4, 5, 6, 1, 
    2, 3, 4, 5, 1, 2, 3, 4, 5, 6, 1, 2, 3, 4, 1, 2, 3, 4, 1, 
    2, 3, 4, 5, 6, 1, 2, 3, 1, 2, 3, 4, 5, 1, 2, 3, 4, 5, 6, 
    1, 2, 3, 4, 5, 6, 1, 2, 3, 4, 5, 1, 2, 3, 4, 1, 2, 3, 4, 
    5, 6, 1, 2, 3, 4, 5, 1, 2, 3, 4, 5, 6, 1, 2, 3, 4, 1, 2, 
    3, 4, 1, 2, 3, 4, 5, 6, 1, 2, 3, 1, 2, 3, 4, 5, 1, 2, 3, 
    4, 5, 6, 1, 2, 3, 4, 5, 6), y = c(7.83, 7.42, 7.89, 7.12, 
    7.88, 6.16, 7.26, 6.71, 6.54, 4.75, 5.24, 4.86, 4.78, 6.05, 
    5.42, 4.21, 3.61, 3.72, 3.87, 3.92, 3.13, 2.98, 2.85, 3.17, 
    3.09, 3.12, 5.92, 6.42, 5.92, 6.27, 7.13, 6.62, 6.58, 6.93, 
    4.54, 4.81, 5.11, 5.29, 5.39, 5.57, 4.48, 4.92, 3.97, 4.22, 
    4.65, 4.74, 4.44, 4.5, 6.78, 6.07, 6.52, 6.42, 6.41, 5.76, 
    5.06, 4.72, 4.9, 4.8, 4.9, 5.1, 6.57, 5.62, 6.9, 6.57, 6.35, 
    4.06, 4.29, 4.26, 4.09, 4.71, 5.5, 5.08, 5.02, 6.01, 5.67, 
    4.14, 4.2, 4.61, 4.68, 5.04, 3.03, 2.86, 2.77, 2.46, 2.32, 
    2.43, 5.9, 5.81, 5.7, 5.76, 5.09, 4.63, 4.61, 5.09, 4.72, 
    4.61, 4.36, 4.2, 4.36, 4.2, 3.17, 3.12, 2.96, 4.35, 4.62, 
    3.16, 3.53, 3.53, 7.2, 6.09, 7, 7.1, 7.4, 6.8, 4.5, 4.2, 
    3.8, 3.8, 4.2, 4.5)), .Names = c("meth", "item", "repl", 
"y"), row.names = c("1", "2", "3", "4", "5", "6", "7", "8", "9", 
"10", "11", "12", "13", "14", "15", "16", "17", "18", "19", "20", 
"21", "22", "23", "24", "25", "26", "27", "28", "29", "30", "31", 
"32", "33", "34", "35", "36", "37", "38", "39", "40", "41", "42", 
"43", "44", "45", "46", "47", "48", "49", "50", "51", "52", "53", 
"54", "55", "56", "57", "58", "59", "60", "61", "62", "63", "64", 
"65", "66", "67", "68", "69", "70", "71", "72", "73", "74", "75", 
"76", "77", "78", "79", "80", "81", "82", "83", "84", "85", "86", 
"87", "88", "89", "90", "91", "92", "93", "94", "95", "96", "97", 
"98", "99", "100", "101", "102", "103", "104", "105", "106", 
"107", "108", "109", "110", "111", "112", "113", "114", "115", 
"116", "117", "118", "119", "120"), class = "data.frame")
