`Enzyme` <-
structure(list(meth = structure(c(1L, 1L, 1L, 1L, 1L, 1L, 1L, 
1L, 1L, 1L, 1L, 1L, 1L, 1L, 1L, 1L, 1L, 1L, 1L, 1L, 1L, 1L, 1L, 
1L, 2L, 2L, 2L, 2L, 2L, 2L, 2L, 2L, 2L, 2L, 2L, 2L, 2L, 2L, 2L, 
2L, 2L, 2L, 2L, 2L, 2L, 2L, 2L, 2L, 3L, 3L, 3L, 3L, 3L, 3L, 3L, 
3L, 3L, 3L, 3L, 3L, 3L, 3L, 3L, 3L, 3L, 3L, 3L, 3L, 3L, 3L, 3L, 
3L), .Label = c("SucHom", "SucPel", "Alkphos"), class = "factor"), 
    item = c(1L, 2L, 3L, 4L, 5L, 6L, 7L, 8L, 9L, 10L, 11L, 12L, 
    13L, 14L, 15L, 16L, 17L, 18L, 19L, 20L, 21L, 22L, 23L, 24L, 
    1L, 2L, 3L, 4L, 5L, 6L, 7L, 8L, 9L, 10L, 11L, 12L, 13L, 14L, 
    15L, 16L, 17L, 18L, 19L, 20L, 21L, 22L, 23L, 24L, 1L, 2L, 
    3L, 4L, 5L, 6L, 7L, 8L, 9L, 10L, 11L, 12L, 13L, 14L, 15L, 
    16L, 17L, 18L, 19L, 20L, 21L, 22L, 23L, 24L), y = c(18.88, 
    7.26, 6.5, 9.83, 46.05, 20.1, 35.78, 59.42, 58.43, 62.32, 
    88.55, 19.5, 60.78, 77.92, 51.29, 77.91, 36.65, 31.17, 66.09, 
    115.15, 95.88, 64.61, 37.71, 100.82, 70, 55.43, 18.87, 40.41, 
    57.43, 31.14, 70.1, 137.56, 221.2, 276.43, 316, 75.56, 277.3, 
    331.5, 133.74, 221.5, 132.93, 85.38, 142.34, 294.63, 262.52, 
    183.56, 86.12, 226.55, 46.45, 31.62, 36.13, 19.64, 127.27, 
    51.61, 7.21, 141.88, 14.29, 138.68, 175.77, 83.81, 113.8, 
    210.27, 172.37, 129.09, 70.59, 116.67, 111.12, 231.89, 194.87, 
    185.37, 154.84, 192.83)), .Names = c("meth", "item", "y"), row.names = c(NA, 
-72L), class = "data.frame")
