`glucose` <-
structure(list(meth = structure(c(1L, 2L, 3L, 4L, 5L, 6L, 7L, 
8L, 1L, 2L, 3L, 4L, 5L, 6L, 7L, 8L, 1L, 2L, 3L, 4L, 5L, 6L, 7L, 
8L, 1L, 2L, 3L, 4L, 5L, 6L, 7L, 8L, 1L, 2L, 3L, 4L, 5L, 6L, 7L, 
8L, 1L, 2L, 3L, 4L, 5L, 6L, 7L, 8L, 1L, 2L, 3L, 4L, 5L, 6L, 7L, 
8L, 1L, 2L, 3L, 4L, 5L, 6L, 7L, 8L, 1L, 2L, 3L, 4L, 5L, 6L, 7L, 
8L, 1L, 2L, 3L, 4L, 5L, 6L, 7L, 8L, 1L, 2L, 3L, 4L, 5L, 6L, 7L, 
8L, 1L, 2L, 3L, 4L, 5L, 6L, 7L, 8L, 1L, 2L, 3L, 4L, 5L, 6L, 7L, 
8L, 1L, 2L, 3L, 4L, 5L, 6L, 7L, 8L, 1L, 2L, 3L, 4L, 5L, 6L, 7L, 
8L, 1L, 2L, 3L, 4L, 5L, 6L, 7L, 8L, 1L, 2L, 3L, 4L, 5L, 6L, 7L, 
8L, 1L, 2L, 3L, 4L, 5L, 6L, 7L, 8L, 1L, 2L, 3L, 4L, 5L, 6L, 7L, 
8L, 1L, 2L, 3L, 4L, 5L, 6L, 7L, 8L, 1L, 2L, 3L, 4L, 5L, 6L, 7L, 
8L, 1L, 2L, 3L, 4L, 5L, 6L, 7L, 8L, 1L, 2L, 3L, 4L, 5L, 6L, 7L, 
8L, 1L, 2L, 3L, 4L, 5L, 6L, 7L, 8L, 1L, 2L, 3L, 4L, 5L, 6L, 7L, 
8L, 1L, 2L, 3L, 4L, 5L, 6L, 7L, 8L, 1L, 2L, 3L, 4L, 5L, 6L, 7L, 
8L, 1L, 2L, 3L, 4L, 5L, 6L, 7L, 8L, 1L, 2L, 3L, 4L, 5L, 6L, 7L, 
8L, 1L, 2L, 3L, 4L, 5L, 6L, 7L, 8L, 1L, 2L, 3L, 4L, 5L, 6L, 7L, 
8L, 1L, 2L, 3L, 4L, 5L, 6L, 7L, 8L, 1L, 2L, 3L, 4L, 5L, 6L, 7L, 
8L, 1L, 2L, 3L, 4L, 5L, 6L, 7L, 8L, 1L, 2L, 3L, 4L, 5L, 6L, 7L, 
8L, 1L, 2L, 3L, 4L, 5L, 6L, 7L, 8L, 1L, 2L, 3L, 4L, 5L, 6L, 7L, 
8L, 1L, 2L, 3L, 4L, 5L, 6L, 7L, 8L, 1L, 2L, 3L, 4L, 5L, 6L, 7L, 
8L, 1L, 2L, 3L, 4L, 5L, 6L, 7L, 8L, 1L, 2L, 3L, 4L, 5L, 6L, 7L, 
8L, 1L, 2L, 3L, 4L, 5L, 6L, 7L, 8L, 1L, 2L, 3L, 4L, 5L, 6L, 7L, 
8L, 1L, 2L, 3L, 4L, 5L, 6L, 7L, 8L, 1L, 2L, 3L, 4L, 5L, 6L, 7L, 
8L, 1L, 2L, 3L, 4L, 5L, 6L, 7L, 8L, 1L, 2L, 3L, 4L, 5L, 6L, 7L, 
8L, 1L, 2L, 3L, 4L, 5L, 6L, 7L, 8L, 1L, 2L, 3L, 4L, 5L, 6L, 7L, 
8L, 1L, 2L, 3L, 4L, 5L, 6L, 7L, 8L, 1L, 2L, 3L, 4L, 5L, 6L, 7L, 
8L, 1L, 2L, 3L, 4L, 5L, 6L, 7L, 8L, 1L, 2L, 3L, 4L, 5L, 6L, 7L, 
8L, 1L, 2L, 3L, 4L, 5L, 6L, 7L, 8L, 1L, 2L, 3L, 4L, 5L, 6L, 7L, 
8L, 1L, 2L, 3L, 4L, 5L, 6L, 7L, 8L, 1L, 2L, 3L, 4L, 5L, 6L, 7L, 
8L, 1L, 2L, 3L, 4L, 5L, 6L, 7L, 8L, 1L, 2L, 3L, 4L, 5L, 6L, 7L, 
8L, 1L, 2L, 3L, 4L, 5L, 6L, 7L, 8L, 1L, 2L, 3L, 4L, 5L, 6L, 7L, 
8L, 1L, 2L, 3L, 4L, 5L, 6L, 7L, 8L, 1L, 2L, 3L, 4L, 5L, 6L, 7L, 
8L, 1L, 2L, 3L, 4L, 5L, 6L, 7L, 8L, 1L, 2L, 3L, 4L, 5L, 6L, 7L, 
8L, 1L, 2L, 3L, 4L, 5L, 6L, 7L, 8L, 1L, 2L, 3L, 4L, 5L, 6L, 7L, 
8L, 1L, 2L, 3L, 4L, 5L, 6L, 7L, 8L, 1L, 2L, 3L, 4L, 5L, 6L, 7L, 
8L, 1L, 2L, 3L, 4L, 5L, 6L, 7L, 8L, 1L, 2L, 3L, 4L, 5L, 6L, 7L, 
8L, 1L, 2L, 3L, 4L, 5L, 6L, 7L, 8L, 1L, 2L, 3L, 4L, 5L, 6L, 7L, 
8L, 1L, 2L, 3L, 4L, 5L, 6L, 7L, 8L, 1L, 2L, 3L, 4L, 5L, 6L, 7L, 
8L, 1L, 2L, 3L, 4L, 5L, 6L, 7L, 8L, 1L, 2L, 11L, 1L, 2L, 11L, 
1L, 2L, 11L, 1L, 2L, 11L, 2L, 11L, 2L, 11L, 2L, 11L, 2L, 11L, 
1L, 2L, 11L, 1L, 2L, 11L, 1L, 2L, 11L, 1L, 2L, 11L, 1L, 2L, 11L, 
1L, 2L, 11L, 1L, 2L, 11L, 1L, 2L, 11L, 1L, 2L, 11L, 1L, 2L, 11L, 
1L, 2L, 11L, 1L, 2L, 11L, 1L, 2L, 11L, 1L, 2L, 11L, 1L, 2L, 11L, 
1L, 2L, 11L, 1L, 2L, 11L, 1L, 2L, 11L, 1L, 2L, 11L, 1L, 2L, 11L, 
1L, 2L, 11L, 1L, 2L, 11L, 1L, 2L, 11L, 1L, 2L, 11L, 1L, 2L, 11L, 
1L, 2L, 11L, 1L, 2L, 11L, 1L, 2L, 11L, 1L, 2L, 11L, 1L, 2L, 11L, 
1L, 2L, 11L, 1L, 2L, 11L, 1L, 2L, 11L, 1L, 2L, 11L, 1L, 2L, 11L, 
1L, 2L, 11L, 1L, 2L, 10L, 1L, 2L, 10L, 1L, 2L, 10L, 1L, 2L, 10L, 
1L, 2L, 10L, 1L, 2L, 10L, 1L, 2L, 10L, 1L, 2L, 10L, 1L, 2L, 10L, 
1L, 2L, 10L, 1L, 2L, 10L, 1L, 2L, 10L, 1L, 2L, 10L, 1L, 2L, 10L, 
1L, 2L, 10L, 1L, 2L, 10L, 1L, 2L, 10L, 1L, 2L, 10L, 1L, 2L, 10L, 
1L, 2L, 10L, 1L, 2L, 10L, 1L, 2L, 10L, 1L, 2L, 10L, 1L, 2L, 10L, 
1L, 2L, 10L, 1L, 2L, 10L, 1L, 2L, 10L, 1L, 2L, 10L, 1L, 2L, 10L, 
1L, 2L, 10L, 1L, 2L, 10L, 1L, 2L, 10L, 1L, 2L, 10L, 1L, 2L, 10L, 
1L, 2L, 10L, 1L, 2L, 10L, 1L, 2L, 10L, 1L, 2L, 10L, 1L, 2L, 10L, 
1L, 2L, 10L, 1L, 2L, 10L, 1L, 2L, 10L, 1L, 2L, 10L, 1L, 2L, 10L, 
1L, 2L, 10L, 1L, 2L, 10L, 1L, 2L, 10L, 1L, 2L, 10L, 1L, 2L, 10L, 
1L, 2L, 10L, 1L, 2L, 10L, 1L, 2L, 10L, 1L, 2L, 10L, 1L, 2L, 10L, 
1L, 2L, 10L, 1L, 2L, 10L, 1L, 2L, 10L, 1L, 2L, 10L, 1L, 2L, 10L, 
1L, 2L, 10L, 1L, 2L, 10L, 1L, 2L, 10L, 1L, 2L, 10L, 1L, 2L, 10L, 
1L, 2L, 10L, 1L, 2L, 10L, 1L, 2L, 10L, 1L, 2L, 3L, 5L, 1L, 2L, 
3L, 5L, 1L, 2L, 3L, 5L, 1L, 2L, 3L, 5L, 1L, 2L, 3L, 5L, 1L, 2L, 
3L, 5L, 1L, 2L, 3L, 5L, 1L, 2L, 3L, 5L, 3L, 1L, 2L, 3L, 5L, 1L, 
2L, 3L, 5L, 1L, 2L, 3L, 5L, 1L, 2L, 3L, 5L, 1L, 2L, 3L, 5L, 1L, 
2L, 3L, 5L, 1L, 2L, 3L, 5L, 1L, 2L, 3L, 5L, 1L, 2L, 3L, 5L, 1L, 
2L, 3L, 5L, 1L, 2L, 3L, 5L, 1L, 2L, 3L, 5L, 1L, 2L, 3L, 5L, 1L, 
2L, 3L, 5L, 1L, 2L, 3L, 5L, 1L, 2L, 3L, 5L, 1L, 2L, 3L, 5L, 1L, 
2L, 3L, 5L, 1L, 2L, 3L, 5L, 1L, 2L, 3L, 5L, 1L, 2L, 3L, 5L, 1L, 
2L, 3L, 5L, 1L, 2L, 3L, 5L, 1L, 2L, 3L, 5L, 1L, 2L, 3L, 5L, 1L, 
2L, 3L, 5L, 1L, 2L, 3L, 5L, 1L, 2L, 3L, 5L, 1L, 2L, 3L, 5L, 1L, 
2L, 3L, 5L, 1L, 2L, 3L, 5L, 1L, 2L, 3L, 5L, 1L, 2L, 3L, 5L, 1L, 
2L, 3L, 5L, 1L, 2L, 3L, 5L, 1L, 2L, 3L, 5L, 1L, 2L, 3L, 5L, 1L, 
2L, 3L, 5L, 1L, 2L, 9L, 1L, 2L, 9L, 1L, 2L, 9L, 1L, 2L, 9L, 1L, 
2L, 9L, 1L, 2L, 9L, 1L, 2L, 9L, 1L, 2L, 9L, 1L, 2L, 9L, 1L, 2L, 
9L, 1L, 2L, 9L, 1L, 2L, 9L, 1L, 2L, 9L, 1L, 2L, 9L, 1L, 2L, 9L, 
1L, 2L, 9L, 1L, 2L, 9L, 1L, 2L, 9L, 1L, 2L, 9L, 1L, 2L, 9L, 1L, 
2L, 9L, 1L, 2L, 9L, 1L, 2L, 9L, 1L, 2L, 9L, 1L, 2L, 9L, 1L, 2L, 
9L, 1L, 2L, 9L, 1L, 2L, 9L, 1L, 2L, 9L, 1L, 2L, 9L, 1L, 2L, 9L, 
1L, 2L, 9L, 1L, 2L, 9L, 1L, 2L, 9L, 1L, 2L, 9L, 1L, 2L, 9L, 1L, 
2L, 9L, 1L, 2L, 9L, 1L, 2L, 9L, 1L, 2L, 9L, 1L, 2L, 9L, 1L, 2L, 
9L, 1L, 2L, 9L, 1L, 2L, 9L, 1L, 2L, 9L, 1L, 2L, 9L, 1L, 2L, 9L, 
1L, 2L, 9L, 1L, 2L, 9L, 1L, 2L, 9L, 1L, 2L, 9L, 1L, 2L, 9L, 1L, 
2L, 9L, 1L, 2L, 9L, 1L, 2L, 9L, 1L, 2L, 9L, 1L, 2L, 9L, 1L, 2L, 
9L, 1L, 2L, 9L, 1L, 2L, 9L), .Label = c("n.plas1", "n.plas2", 
"h.cap", "h.blood", "h.plas", "h.serum", "m.plas", "m.serum", 
"o.cap", "s.serum", "k.plas"), class = "factor"),