`milk` <-
structure(list(meth = structure(c(2L, 2L, 2L, 2L, 2L, 2L, 2L, 
2L, 2L, 2L, 2L, 2L, 2L, 2L, 2L, 2L, 2L, 2L, 2L, 2L, 2L, 2L, 2L, 
2L, 2L, 2L, 2L, 2L, 2L, 2L, 2L, 2L, 2L, 2L, 2L, 2L, 2L, 2L, 2L, 
2L, 2L, 2L, 2L, 2L, 2L, 1L, 1L, 1L, 1L, 1L, 1L, 1L, 1L, 1L, 1L, 
1L, 1L, 1L, 1L, 1L, 1L, 1L, 1L, 1L, 1L, 1L, 1L, 1L, 1L, 1L, 1L, 
1L, 1L, 1L, 1L, 1L, 1L, 1L, 1L, 1L, 1L, 1L, 1L, 1L, 1L, 1L, 1L, 
1L, 1L, 1L), .Label = c("Gerber", "Trig"), class = "factor"), 
    item = c(1L, 2L, 3L, 4L, 5L, 6L, 7L, 8L, 9L, 10L, 11L, 12L, 
    13L, 14L, 15L, 16L, 17L, 18L, 19L, 20L, 21L, 22L, 23L, 24L, 
    25L, 26L, 27L, 28L, 29L, 30L, 31L, 32L, 33L, 34L, 35L, 36L, 
    37L, 38L, 39L, 40L, 41L, 42L, 43L, 44L, 45L, 1L, 2L, 3L, 
    4L, 5L, 6L, 7L, 8L, 9L, 10L, 11L, 12L, 13L, 14L, 15L, 16L, 
    17L, 18L, 19L, 20L, 21L, 22L, 23L, 24L, 25L, 26L, 27L, 28L, 
    29L, 30L, 31L, 32L, 33L, 34L, 35L, 36L, 37L, 38L, 39L, 40L, 
    41L, 42L, 43L, 44L, 45L), y = c(0.96, 1.16, 0.97, 1.01, 1.25, 
    1.22, 1.46, 1.66, 1.75, 1.72, 1.67, 1.67, 1.93, 1.99, 2.01, 
    2.28, 2.15, 2.29, 2.45, 2.4, 2.79, 2.77, 2.64, 2.73, 2.67, 
    2.61, 3.01, 2.93, 3.18, 3.18, 3.19, 3.12, 3.33, 3.51, 3.66, 
    3.95, 4.2, 4.05, 4.3, 4.74, 4.71, 4.71, 4.74, 5.23, 6.21, 
    0.85, 1, 1, 1, 1.2, 1.2, 1.38, 1.65, 1.68, 1.7, 1.7, 1.7, 
    1.88, 2, 2.05, 2.17, 2.2, 2.28, 2.43, 2.55, 2.6, 2.65, 2.67, 
    2.7, 2.7, 2.7, 3, 3.02, 3.03, 3.11, 3.15, 3.15, 3.4, 3.42, 
    3.62, 3.95, 4.27, 4.3, 4.35, 4.75, 4.79, 4.8, 4.8, 5.42, 
    6.2)), .Names = c("meth", "item", "y"), class = "data.frame", row.names = c("1", 
"2", "3", "4", "5", "6", "7", "8", "9", "10", "11", "12", "13", 
"14", "15", "16", "17", "18", "19", "20", "21", "22", "23", "24", 
"25", "26", "27", "28", "29", "30", "31", "32", "33", "34", "35", 
"36", "37", "38", "39", "40", "41", "42", "43", "44", "45", "46", 
"47", "48", "49", "50", "51", "52", "53", "54", "55", "56", "57", 
"58", "59", "60", "61", "62", "63", "64", "65", "66", "67", "68", 
"69", "70", "71", "72", "73", "74", "75", "76", "77", "78", "79", 
"80", "81", "82", "83", "84", "85", "86", "87", "88", "89", "90"
))
