ox <-
structure(list(meth = structure(c(1, 1, 1, 1, 1, 1, 1, 1, 1, 
1, 1, 1, 1, 1, 1, 1, 1, 1, 1, 1, 1, 1, 1, 1, 1, 1, 1, 1, 1, 1, 
1, 1, 1, 1, 1, 1, 1, 1, 1, 1, 1, 1, 1, 1, 1, 1, 1, 1, 1, 1, 1, 
1, 1, 1, 1, 1, 1, 1, 1, 1, 1, 1, 1, 1, 1, 1, 1, 1, 1, 1, 1, 1, 
1, 1, 1, 1, 1, 1, 1, 1, 1, 1, 1, 1, 1, 1, 1, 1, 1, 1, 1, 1, 1, 
1, 1, 1, 1, 1, 1, 1, 1, 1, 1, 1, 1, 1, 1, 1, 1, 1, 1, 1, 1, 1, 
1, 1, 1, 1, 1, 1, 1, 1, 1, 1, 1, 1, 1, 1, 1, 1, 1, 1, 1, 1, 1, 
1, 1, 1, 1, 1, 1, 1, 1, 1, 1, 1, 1, 1, 1, 1, 1, 1, 1, 1, 1, 1, 
1, 1, 1, 1, 1, 1, 1, 1, 1, 1, 1, 1, 1, 1, 1, 1, 1, 1, 1, 1, 1, 
2, 2, 2, 2, 2, 2, 2, 2, 2, 2, 2, 2, 2, 2, 2, 2, 2, 2, 2, 2, 2, 
2, 2, 2, 2, 2, 2, 2, 2, 2, 2, 2, 2, 2, 2, 2, 2, 2, 2, 2, 2, 2, 
2, 2, 2, 2, 2, 2, 2, 2, 2, 2, 2, 2, 2, 2, 2, 2, 2, 2, 2, 2, 2, 
2, 2, 2, 2, 2, 2, 2, 2, 2, 2, 2, 2, 2, 2, 2, 2, 2, 2, 2, 2, 2, 
2, 2, 2, 2, 2, 2, 2, 2, 2, 2, 2, 2, 2, 2, 2, 2, 2, 2, 2, 2, 2, 
2, 2, 2, 2, 2, 2, 2, 2, 2, 2, 2, 2, 2, 2, 2, 2, 2, 2, 2, 2, 2, 
2, 2, 2, 2, 2, 2, 2, 2, 2, 2, 2, 2, 2, 2, 2, 2, 2, 2, 2, 2, 2, 
2, 2, 2, 2, 2, 2, 2, 2, 2, 2, 2, 2, 2, 2, 2, 2, 2, 2, 2, 2, 2, 
2, 2, 2, 2, 2, 2, 2, 2, 2), .Label = c("CO", "pulse"), class = "factor"), 
    item = c(1, 1, 1, 2, 2, 2, 3, 3, 3, 4, 4, 4, 5, 5, 5, 6, 
    6, 6, 7, 7, 7, 8, 8, 8, 9, 9, 9, 10, 10, 10, 11, 11, 11, 
    12, 12, 12, 13, 13, 13, 14, 14, 14, 15, 15, 15, 16, 16, 16, 
    17, 17, 18, 18, 18, 19, 19, 19, 20, 20, 21, 21, 21, 22, 22, 
    22, 23, 23, 23, 24, 24, 24, 25, 25, 26, 26, 26, 27, 27, 27, 
    28, 28, 28, 29, 29, 29, 30, 30, 30, 31, 31, 31, 32, 32, 32, 
    33, 33, 33, 34, 34, 34, 35, 35, 35, 36, 36, 36, 37, 37, 37, 
    38, 38, 38, 39, 40, 40, 40, 41, 41, 41, 42, 42, 42, 43, 43, 
    43, 44, 44, 44, 45, 45, 45, 46, 46, 46, 47, 47, 47, 48, 48, 
    48, 49, 49, 49, 50, 50, 51, 51, 51, 52, 52, 52, 53, 53, 53, 
    54, 54, 54, 55, 55, 55, 56, 56, 56, 57, 57, 57, 58, 58, 58, 
    59, 59, 59, 60, 60, 60, 61, 61, 61, 1, 1, 1, 2, 2, 2, 3, 
    3, 3, 4, 4, 4, 5, 5, 5, 6, 6, 6, 7, 7, 7, 8, 8, 8, 9, 9, 
    9, 10, 10, 10, 11, 11, 11, 12, 12, 12, 13, 13, 13, 14, 14, 
    14, 15, 15, 15, 16, 16, 16, 17, 17, 18, 18, 18, 19, 19, 19, 
    20, 20, 21, 21, 21, 22, 22, 22, 23, 23, 23, 24, 24, 24, 25, 
    25, 26, 26, 26, 27, 27, 27, 28, 28, 28, 29, 29, 29, 30, 30, 
    30, 31, 31, 31, 32, 32, 32, 33, 33, 33, 34, 34, 34, 35, 35, 
    35, 36, 36, 36, 37, 37, 37, 38, 38, 38, 39, 40, 40, 40, 41, 
    41, 41, 42, 42, 42, 43, 43, 43, 44, 44, 44, 45, 45, 45, 46, 
    46, 46, 47, 47, 47, 48, 48, 48, 49, 49, 49, 50, 50, 51, 51, 
    51, 52, 52, 52, 53, 53, 53, 54, 54, 54, 55, 55, 55, 56, 56, 
    56, 57, 57, 57, 58, 58, 58, 59, 59, 59, 60, 60, 60, 61, 61, 
    61), repl = c(1, 2, 3, 1, 2, 3, 1, 2, 3, 1, 2, 3, 1, 2, 3, 
    1, 2, 3, 1, 2, 3, 1, 2, 3, 1, 2, 3, 1, 2, 3, 1, 2, 3, 1, 
    2, 3, 1, 2, 3, 1, 2, 3, 1, 2, 3, 1, 2, 3, 1, 2, 1, 2, 3, 
    1, 2, 3, 1, 2, 1, 2, 3, 1, 2, 3, 1, 2, 3, 1, 2, 3, 1, 2, 
    1, 2, 3, 1, 2, 3, 1, 2, 3, 1, 2, 3, 1, 2, 3, 1, 2, 3, 1, 
    2, 3, 1, 2, 3, 1, 2, 3, 1, 2, 3, 1, 2, 3, 1, 2, 3, 1, 2, 
    3, 1, 1, 2, 3, 1, 2, 3, 1, 2, 3, 1, 2, 3, 1, 2, 3, 1, 2, 
    3, 1, 2, 3, 1, 2, 3, 1, 2, 3, 1, 2, 3, 1, 2, 1, 2, 3, 1, 
    2, 3, 1, 2, 3, 1, 2, 3, 1, 2, 3, 1, 2, 3, 1, 2, 3, 1, 2, 
    3, 1, 2, 3, 1, 2, 3, 1, 2, 3, 1, 2, 3, 1, 2, 3, 1, 2, 3, 
    1, 2, 3, 1, 2, 3, 1, 2, 3, 1, 2, 3, 1, 2, 3, 1, 2, 3, 1, 
    2, 3, 1, 2, 3, 1, 2, 3, 1, 2, 3, 1, 2, 3, 1, 2, 3, 1, 2, 
    3, 1, 2, 1, 2, 3, 1, 2, 3, 1, 2, 1, 2, 3, 1, 2, 3, 1, 2, 
    3, 1, 2, 3, 1, 2, 1, 2, 3, 1, 2, 3, 1, 2, 3, 1, 2, 3, 1, 
    2, 3, 1, 2, 3, 1, 2, 3, 1, 2, 3, 1, 2, 3, 1, 2, 3, 1, 2, 
    3, 1, 2, 3, 1, 2, 3, 1, 1, 2, 3, 1, 2, 3, 1, 2, 3, 1, 2, 
    3, 1, 2, 3, 1, 2, 3, 1, 2, 3, 1, 2, 3, 1, 2, 3, 1, 2, 3, 
    1, 2, 1, 2, 3, 1, 2, 3, 1, 2, 3, 1, 2, 3, 1, 2, 3, 1, 2, 
    3, 1, 2, 3, 1, 2, 3, 1, 2, 3, 1, 2, 3, 1, 2, 3), y = c(78, 
    76.4, 77.2, 68.7, 67.6, 68.3, 82.9, 80.1, 80.7, 62.3, 65.8, 
    67.5, 75.8, 73.7, 76.3, 78, 78.8, 77.3, 86.3, 84.3, 88, 79.2, 
    79, 85.3, 71, 70.4, 72.1, 55, 53.1, 50.6, 86.8, 90, 92.5, 
    22.2, 25.1, 32.1, 79.5, 82.6, 86.8, 71.4, 73, 66.6, 83.8, 
    84.1, 82.3, 76.2, 78, 82.7, 86.8, 93.1, 78.6, 78.3, 79, 71.8, 
    74.2, 74, 73.8, 77.6, 73, 79, 93.4, 77.6, 82.7, 69, 78.5, 
    79.8, 79.5, 82.2, 85.9, 86, 85.7, 71.5, 78.6, 78.7, 79.2, 
    64.4, 70.1, 72.8, 60, 62, 66.5, 78.1, 77.2, 76.7, 79.4, 81.3, 
    83.2, 49.5, 44.5, 44.9, 85.2, 83.1, 81.7, 81.3, 82.2, 81.1, 
    86.9, 86.4, 85.4, 81.5, 73.1, 81.1, 84.1, 71.5, 88.2, 87.3, 
    79.6, 75, 84.5, 82.8, 80.7, 77.3, 67.1, 68.4, 71.1, 78.7, 
    77.1, 78.2, 65, 75, 67.5, 52.3, 50.8, 52.1, 57, 56.9, 58.6, 
    75.8, 79.5, 81, 84.9, 78.6, 81.3, 80.1, 78.9, 79.4, 69, 69.6, 
    72.8, 90.2, 87.9, 87.4, 52.6, 50.8, 56.6, 59.9, 59.5, 72.2, 
    79, 79.3, 68.7, 75.8, 67.5, 91.5, 57.9, 76.4, 90.2, 86.5, 
    85.7, 84.6, 85.6, 87.4, 93.5, 91.5, 80.8, 88.3, 89.9, 91.3, 
    89.4, 89.5, 91.6, 87.2, 83.5, 84.7, 75.9, 76.7, 74.3, 71, 
    72, 73, 68, 67, 68, 82, 77, 77, 43, 69, 77, 76, 72, 68, 79, 
    78, 78, 84, 82, 82, 74, 74, 77, 70, 70, 71, 63, 72, 78, 82, 
    85, 88, 24, 28, 36, 70, 71, 75, 80, 80, 76, 80, 78, 77, 64, 
    66, 75, 86, 89, 72, 74, 75, 71, 75, 71, 68, 75, 75, 80, 88, 
    65, 86, 65, 79, 82, 79, 80, 84, 80, 78, 72, 76, 77, 76, 54, 
    55, 67, 57, 70, 71, 75, 75, 71, 72, 72, 74, 28, 46, 61, 76, 
    79, 76, 85, 80, 82, 82, 79, 80, 79, 67, 71, 76, 75, 70, 80, 
    80, 68, 81, 84, 82, 79, 62, 63, 64, 71, 70, 71, 73, 74, 71, 
    59, 57, 57, 60, 60, 61, 74, 75, 75, 77, 77, 76, 76, 78, 77, 
    67, 73, 82, 84, 83, 77, 45, 51, 44, 52, 48, 67, 73, 75, 71, 
    76, 70, 92, 65, 77, 92, 85, 88, 84, 82, 84, 92, 90, 82, 84, 
    87, 89, 94, 89, 91, 79, 77, 80, 72, 70, 68)), .Names = c("meth", 
"item", "repl", "y"), row.names = as.character( c(1, 2, 3, 4, 5, 6, 7, 8, 9,
10, 11, 12, 13, 14, 15, 16, 17, 18, 19, 20, 21, 22, 23, 24, 25, 
26, 27, 28, 29, 30, 31, 32, 33, 34, 35, 36, 37, 38, 39, 40, 41, 
42, 43, 44, 45, 46, 47, 48, 49, 50, 52, 53, 54, 55, 56, 57, 58, 
59, 61, 62, 63, 64, 65, 66, 67, 68, 69, 70, 71, 72, 73, 74, 76, 
77, 78, 79, 80, 81, 82, 83, 84, 85, 86, 87, 88, 89, 90, 91, 92, 
93, 94, 95, 96, 97, 98, 99, 100, 101, 102, 103, 104, 105, 106, 
107, 108, 109, 110, 111, 112, 113, 114, 115, 118, 119, 120, 121, 
122, 123, 124, 125, 126, 127, 128, 129, 130, 131, 132, 133, 134, 
135, 136, 137, 138, 139, 140, 141, 142, 143, 144, 145, 146, 147, 
148, 149, 151, 152, 153, 154, 155, 156, 157, 158, 159, 160, 161, 
162, 163, 164, 165, 166, 167, 168, 169, 170, 171, 172, 173, 174, 
175, 176, 177, 178, 179, 180, 181, 182, 183, 184, 185, 186, 187, 
188, 189, 190, 191, 192, 193, 194, 195, 196, 197, 198, 199, 200, 
201, 202, 203, 204, 205, 206, 207, 208, 209, 210, 211, 212, 213, 
214, 215, 216, 217, 218, 219, 220, 221, 222, 223, 224, 225, 226, 
227, 228, 229, 230, 231, 232, 233, 235, 236, 237, 238, 239, 240, 
241, 242, 244, 245, 246, 247, 248, 249, 250, 251, 252, 253, 254, 
255, 256, 257, 259, 260, 261, 262, 263, 264, 265, 266, 267, 268, 
269, 270, 271, 272, 273, 274, 275, 276, 277, 278, 279, 280, 281, 
282, 283, 284, 285, 286, 287, 288, 289, 290, 291, 292, 293, 294, 
295, 296, 297, 298, 301, 302, 303, 304, 305, 306, 307, 308, 309, 
310, 311, 312, 313, 314, 315, 316, 317, 318, 319, 320, 321, 322, 
323, 324, 325, 326, 327, 328, 329, 330, 331, 332, 334, 335, 336, 
337, 338, 339, 340, 341, 342, 343, 344, 345, 346, 347, 348, 349, 
350, 351, 352, 353, 354, 355, 356, 357, 358, 359, 360, 361, 362, 
363, 364, 365, 366) ), class = "data.frame")
