`plvol` <-
structure(list(meth = structure(c(2L, 2L, 2L, 2L, 2L, 2L, 2L, 
2L, 2L, 2L, 2L, 2L, 2L, 2L, 2L, 2L, 2L, 2L, 2L, 2L, 2L, 2L, 2L, 
2L, 2L, 2L, 2L, 2L, 2L, 2L, 2L, 2L, 2L, 2L, 2L, 2L, 2L, 2L, 2L, 
2L, 2L, 2L, 2L, 2L, 2L, 2L, 2L, 2L, 2L, 2L, 2L, 2L, 2L, 2L, 2L, 
2L, 2L, 2L, 2L, 2L, 2L, 2L, 2L, 2L, 2L, 2L, 2L, 2L, 2L, 2L, 2L, 
2L, 2L, 2L, 2L, 2L, 2L, 2L, 2L, 2L, 2L, 2L, 2L, 2L, 2L, 2L, 2L, 
2L, 2L, 2L, 2L, 2L, 2L, 2L, 2L, 2L, 2L, 2L, 2L, 1L, 1L, 1L, 1L, 
1L, 1L, 1L, 1L, 1L, 1L, 1L, 1L, 1L, 1L, 1L, 1L, 1L, 1L, 1L, 1L, 
1L, 1L, 1L, 1L, 1L, 1L, 1L, 1L, 1L, 1L, 1L, 1L, 1L, 1L, 1L, 1L, 
1L, 1L, 1L, 1L, 1L, 1L, 1L, 1L, 1L, 1L, 1L, 1L, 1L, 1L, 1L, 1L, 
1L, 1L, 1L, 1L, 1L, 1L, 1L, 1L, 1L, 1L, 1L, 1L, 1L, 1L, 1L, 1L, 
1L, 1L, 1L, 1L, 1L, 1L, 1L, 1L, 1L, 1L, 1L, 1L, 1L, 1L, 1L, 1L, 
1L, 1L, 1L, 1L, 1L, 1L, 1L, 1L, 1L, 1L, 1L, 1L, 1L, 1L, 1L), .Label = c("Hurley", 
"Nadler"), class = "factor"), item = c(1, 2, 3, 4, 5, 6, 7, 8, 
9, 10, 11, 12, 13, 14, 15, 16, 17, 18, 19, 20, 21, 22, 23, 24, 
25, 26, 27, 28, 29, 30, 31, 32, 33, 34, 35, 36, 37, 38, 39, 40, 
41, 42, 43, 44, 45, 46, 47, 48, 49, 50, 51, 52, 53, 54, 55, 56, 
57, 58, 59, 60, 61, 62, 63, 64, 65, 66, 67, 68, 69, 70, 71, 72, 
73, 74, 75, 76, 77, 78, 79, 80, 81, 82, 83, 84, 85, 86, 87, 88, 
89, 90, 91, 92, 93, 94, 95, 96, 97, 98, 99, 1, 2, 3, 4, 5, 6, 
7, 8, 9, 10, 11, 12, 13, 14, 15, 16, 17, 18, 19, 20, 21, 22, 
23, 24, 25, 26, 27, 28, 29, 30, 31, 32, 33, 34, 35, 36, 37, 38, 
39, 40, 41, 42, 43, 44, 45, 46, 47, 48, 49, 50, 51, 52, 53, 54, 
55, 56, 57, 58, 59, 60, 61, 62, 63, 64, 65, 66, 67, 68, 69, 70, 
71, 72, 73, 74, 75, 76, 77, 78, 79, 80, 81, 82, 83, 84, 85, 86, 
87, 88, 89, 90, 91, 92, 93, 94, 95, 96, 97, 98, 99), y = c(56.9, 
63.2, 65.5, 73.6, 74.1, 77.1, 77.3, 77.5, 77.8, 78.9, 79.5, 80.8, 
81.2, 81.9, 82.2, 83.1, 84.4, 84.9, 86, 86.3, 86.3, 86.6, 86.6, 
86.6, 87.1, 87.5, 87.8, 88.6, 89.3, 89.6, 90.3, 91.1, 92.1, 93.5, 
94.5, 94.6, 95, 95.2, 95.3, 95.6, 95.9, 96.4, 97.2, 97.5, 97.9, 
98.2, 98.5, 98.8, 98.9, 99, 99.3, 99.3, 99.9, 100.1, 101, 101, 
101.5, 101.5, 101.5, 101.8, 101.8, 102.8, 102.9, 103.2, 103.8, 
104.4, 104.8, 105.1, 105.5, 105.7, 106.1, 106.8, 107.2, 107.4, 
107.5, 107.5, 108, 108.2, 108.6, 109.1, 110.1, 111.2, 111.7, 
111.7, 112, 113.1, 116, 116.7, 118.8, 119.7, 120.7, 122.8, 124.7, 
126.4, 127.6, 128.2, 129.6, 130.4, 133.2, 52.9, 59.2, 63, 66.2, 
64.8, 69, 67.1, 70.1, 69.2, 73.8, 71.8, 73.3, 73.1, 74.7, 74.1, 
74.1, 76, 75.4, 74.6, 79.2, 77.8, 80.8, 77.6, 77.5, 78.6, 78.7, 
81.5, 79.3, 78.9, 85.9, 80.7, 80.6, 82.8, 86, 84.3, 87.6, 84, 
85.9, 84.4, 85.2, 85.2, 89.2, 87.8, 88, 88.7, 91.2, 91.8, 92.5, 
88, 93.5, 89, 89.4, 89.2, 91.3, 90.4, 91.2, 91.4, 93, 91.2, 92, 
91.8, 96.8, 92.8, 94, 93.5, 95.8, 97.1, 97.3, 95.1, 95.8, 95.5, 
95.9, 95.4, 97.3, 97.7, 93, 97.6, 96.1, 96.2, 99.5, 99.8, 105.3, 
103.6, 100.2, 100, 98.8, 110, 103.5, 109.4, 112.1, 111.3, 108.6, 
112.4, 113.8, 115.6, 118.1, 116.8, 121.6, 115.8)), .Names = c("meth", 
"item", "y"), row.names = c("1", "2", "3", "4", "5", "6", "7", 
"8", "9", "10", "11", "12", "13", "14", "15", "16", "17", "18", 
"19", "20", "21", "22", "23", "24", "25", "26", "27", "28", "29", 
"30", "31", "32", "33", "34", "35", "36", "37", "38", "39", "40", 
"41", "42", "43", "44", "45", "46", "47", "48", "49", "50", "51", 
"52", "53", "54", "55", "56", "57", "58", "59", "60", "61", "62", 
"63", "64", "65", "66", "67", "68", "69", "70", "71", "72", "73", 
"74", "75", "76", "77", "78", "79", "80", "81", "82", "83", "84", 
"85", "86", "87", "88", "89", "90", "91", "92", "93", "94", "95", 
"96", "97", "98", "99", "100", "101", "102", "103", "104", "105", 
"106", "107", "108", "109", "110", "111", "112", "113", "114", 
"115", "116", "117", "118", "119", "120", "121", "122", "123", 
"124", "125", "126", "127", "128", "129", "130", "131", "132", 
"133", "134", "135", "136", "137", "138", "139", "140", "141", 
"142", "143", "144", "145", "146", "147", "148", "149", "150", 
"151", "152", "153", "154", "155", "156", "157", "158", "159", 
"160", "161", "162", "163", "164", "165", "166", "167", "168", 
"169", "170", "171", "172", "173", "174", "175", "176", "177", 
"178", "179", "180", "181", "182", "183", "184", "185", "186", 
"187", "188", "189", "190", "191", "192", "193", "194", "195", 
"196", "197", "198"), class = "data.frame")
