rainman <-
structure(list(SAND = c(120L, 48L, 88L, 32L, 24L, 100L, 52L, 
80L, 72L, 96L, 48L, 24L, 96L, 100L, 52L, 80L, 88L, 72L, 120L, 
32L, 72L, 48L, 24L, 32L, 96L, 52L, 120L, 80L, 100L, 88L), ME = c(175L, 
50L, 150L, 45L, 25L, 125L, 70L, 145L, 85L, 110L, 65L, 24L, 120L, 
200L, 45L, 95L, 105L, 75L, 155L, 54L, 80L, 60L, 30L, 35L, 158L, 
75L, 154L, 97L, 127L, 137L), TM = c(120L, 50L, 75L, 22L, 22L, 
80L, 50L, 75L, 90L, 110L, 40L, 20L, 110L, 120L, 60L, 75L, 90L, 
90L, 110L, 30L, 50L, 40L, 20L, 27L, 80L, 50L, 110L, 70L, 100L, 
88L), AJ = c(105L, 45L, 75L, 28L, 25L, 91L, 48L, 68L, 55L, 84L, 
43L, 18L, 103L, 95L, 53L, 69L, 75L, 58L, 120L, 30L, 54L, 42L, 
26L, 32L, 67L, 44L, 82L, 60L, 71L, 56L), BM = c(100L, 50L, 60L, 
30L, 20L, 80L, 45L, 55L, 60L, 65L, 25L, 18L, 90L, 100L, 50L, 
75L, 64L, 80L, 110L, 25L, 75L, 50L, 15L, 25L, 90L, 50L, 120L, 
85L, 90L, 80L), LO = c(100L, 70L, 80L, 30L, 20L, 70L, 50L, 60L, 
60L, 65L, 30L, 20L, 60L, 58L, 35L, 55L, 70L, 60L, 80L, 25L, 40L, 
30L, 20L, 21L, 55L, 40L, 60L, 38L, 58L, 50L)), .Names = c("SAND", 
"ME", "TM", "AJ", "BM", "LO"), class = "data.frame", row.names = c(NA, 
-30L))
