`scint` <-
structure(list(meth = structure(c(2L, 2L, 2L, 2L, 2L, 2L, 2L, 
2L, 2L, 2L, 2L, 2L, 2L, 2L, 2L, 2L, 2L, 2L, 2L, 2L, 2L, 2L, 2L, 
2L, 2L, 2L, 2L, 2L, 2L, 2L, 2L, 2L, 2L, 2L, 2L, 2L, 2L, 2L, 2L, 
2L, 2L, 2L, 2L, 2L, 2L, 2L, 2L, 2L, 2L, 2L, 2L, 2L, 2L, 2L, 2L, 
3L, 3L, 3L, 3L, 3L, 3L, 3L, 3L, 3L, 3L, 3L, 3L, 3L, 3L, 3L, 3L, 
3L, 3L, 3L, 3L, 3L, 3L, 3L, 3L, 3L, 3L, 3L, 3L, 3L, 3L, 3L, 3L, 
3L, 3L, 3L, 3L, 3L, 3L, 3L, 3L, 3L, 3L, 3L, 3L, 3L, 3L, 3L, 3L, 
3L, 3L, 3L, 3L, 3L, 3L, 3L, 3L, 1L, 1L, 1L, 1L, 1L, 1L, 1L, 1L, 
1L, 1L, 1L, 1L, 1L, 1L, 1L, 1L, 1L, 1L, 1L, 1L, 1L, 1L, 1L, 1L, 
1L, 1L, 1L, 1L, 1L, 1L, 1L, 1L, 1L, 1L, 1L, 1L, 1L, 1L, 1L, 1L, 
1L, 1L, 1L, 1L, 1L, 1L, 1L, 1L, 1L, 1L, 1L, 1L, 1L, 1L, 1L, 1L, 
1L, 1L, 1L, 1L, 1L, 1L, 1L, 1L, 1L, 1L, 1L, 1L, 1L, 1L, 1L, 1L, 
1L, 1L, 1L, 1L, 1L, 1L, 1L, 1L, 1L, 1L, 1L, 1L, 1L, 1L, 1L, 1L, 
1L, 1L, 1L, 1L, 1L, 1L, 1L, 1L, 1L, 1L, 1L, 1L, 1L, 1L, 1L, 1L, 
1L, 1L, 1L, 1L, 1L, 1L, 1L), .Label = c("DMSA", "DTPA", "EC"), class = "factor"), 
    item = c(1L, 2L, 3L, 4L, 5L, 6L, 7L, 8L, 9L, 10L, 11L, 12L, 
    13L, 14L, 15L, 16L, 17L, 18L, 19L, 20L, 21L, 22L, 23L, 24L, 
    25L, 26L, 27L, 28L, 29L, 30L, 31L, 32L, 33L, 34L, 35L, 36L, 
    37L, 38L, 39L, 40L, 41L, 42L, 43L, 44L, 45L, 46L, 47L, 48L, 
    49L, 50L, 51L, 52L, 53L, 54L, 55L, 56L, 57L, 58L, 59L, 60L, 
    61L, 62L, 63L, 64L, 65L, 66L, 67L, 68L, 69L, 70L, 71L, 72L, 
    73L, 74L, 75L, 76L, 77L, 78L, 79L, 80L, 81L, 82L, 83L, 84L, 
    85L, 86L, 87L, 88L, 89L, 90L, 91L, 92L, 93L, 94L, 95L, 96L, 
    97L, 98L, 99L, 100L, 101L, 102L, 103L, 104L, 105L, 106L, 
    107L, 108L, 109L, 110L, 111L, 1L, 2L, 3L, 4L, 5L, 6L, 7L, 
    8L, 9L, 10L, 11L, 12L, 13L, 14L, 15L, 16L, 17L, 18L, 19L, 
    20L, 21L, 22L, 23L, 24L, 25L, 26L, 27L, 28L, 29L, 30L, 31L, 
    32L, 33L, 34L, 35L, 36L, 37L, 38L, 39L, 40L, 41L, 42L, 43L, 
    44L, 45L, 46L, 47L, 48L, 49L, 50L, 51L, 52L, 53L, 54L, 55L, 
    56L, 57L, 58L, 59L, 60L, 61L, 62L, 63L, 64L, 65L, 66L, 67L, 
    68L, 69L, 70L, 71L, 72L, 73L, 74L, 75L, 76L, 77L, 78L, 79L, 
    80L, 81L, 82L, 83L, 84L, 85L, 86L, 87L, 88L, 89L, 90L, 91L, 
    92L, 93L, 94L, 95L, 96L, 97L, 98L, 99L, 100L, 101L, 102L, 
    103L, 104L, 105L, 106L, 107L, 108L, 109L, 110L, 111L), y = c(31L, 
    48L, 49L, 27L, 54L, 51L, 48L, 53L, 63L, 88L, 54L, 32L, 64L, 
    48L, 59L, 48L, 38L, 57L, 24L, 46L, 89L, 21L, 54L, 52L, 4L, 
    20L, 48L, 52L, 32L, 37L, 49L, 50L, 54L, 49L, 50L, 42L, 49L, 
    23L, 41L, 53L, 29L, 53L, 16L, 53L, 60L, 42L, 51L, 48L, 54L, 
    52L, 40L, 47L, 48L, 83L, 41L, 57L, 23L, 69L, 52L, 4L, 53L, 
    48L, 47L, 51L, 8L, 49L, 62L, 49L, 53L, 49L, 34L, 47L, 48L, 
    27L, 51L, 52L, 52L, 55L, 51L, 48L, 56L, 53L, 55L, 50L, 45L, 
    47L, 45L, 50L, 52L, 58L, 14L, 47L, 69L, 50L, 60L, 50L, 89L, 
    52L, 21L, 55L, 54L, 46L, 46L, 60L, 50L, 43L, 54L, 56L, 46L, 
    80L, 50L, 38L, 48L, 46L, 27L, 57L, 51L, 43L, 52L, 63L, 98L, 
    55L, 23L, 66L, 48L, 60L, 52L, 24L, 60L, 25L, 47L, 99L, 9L, 
    55L, 51L, 2L, 23L, 48L, 48L, 31L, 38L, 51L, 53L, 53L, 53L, 
    50L, 51L, 50L, 19L, 43L, 48L, 31L, 51L, 3L, 49L, 68L, 40L, 
    51L, 51L, 53L, 47L, 40L, 48L, 53L, 91L, 46L, 57L, 21L, 69L, 
    53L, 3L, 50L, 52L, 48L, 50L, 1L, 49L, 62L, 48L, 52L, 50L, 
    35L, 48L, 53L, 28L, 52L, 53L, 50L, 54L, 51L, 50L, 57L, 52L, 
    51L, 51L, 50L, 49L, 48L, 51L, 53L, 54L, 14L, 48L, 69L, 52L, 
    59L, 48L, 89L, 58L, 22L, 51L, 54L, 42L, 48L, 61L, 52L, 42L, 
    55L, 62L, 45L, 81L, 49L), age = c(15, 65, 0.33, 53, 59, 0.5, 
    3.25, 5, 19, 61, 72, 45, 0.17, 58, 55, 1.5, 70, 9.92, 25, 
    6.67, 79, 69, 0.75, 0.42, 12, 44, 43, 13.58, 10.58, 26, 12.58, 
    27, 32, 13.08, 53, 16.67, 12.08, 19.5, 0.58, 22, 31, 59, 
    39, 1.25, 47, 23, 42, 11.25, 35, 11.17, 7.08, 55, 0.83, 36, 
    0.42, 7.25, 45, 14.17, 0.75, 1.92, 0.17, 28, 4.67, 26, 56, 
    48, 5.5, 8.5, 3, 7.92, 23, 31, 1.42, 54, 47, 29, 43, 30, 
    9.33, 10, 31, 11, 68, 23, 0.33, 3.83, 30, 12, 29, 1, 44, 
    27, 56, 12, 12, 12, 23, 78, 55, 39, 40, 44, 18, 3.67, 0.75, 
    73, 39, 1.25, 5, 29, 19, 15, 65, 0.33, 53, 59, 0.5, 3.25, 
    5, 19, 61, 72, 45, 0.17, 58, 55, 1.5, 70, 9.92, 25, 6.67, 
    79, 69, 0.75, 0.42, 12, 44, 43, 13.58, 10.58, 26, 12.58, 
    27, 32, 13.08, 53, 16.67, 12.08, 19.5, 0.58, 22, 31, 59, 
    39, 1.25, 47, 23, 42, 11.25, 35, 11.17, 7.08, 55, 0.83, 36, 
    0.42, 7.25, 45, 14.17, 0.75, 1.92, 0.17, 28, 4.67, 26, 56, 
    48, 5.5, 8.5, 3, 7.92, 23, 31, 1.42, 54, 47, 29, 43, 30, 
    9.33, 10, 31, 11, 68, 23, 0.33, 3.83, 30, 12, 29, 1, 44, 
    27, 56, 12, 12, 12, 23, 78, 55, 39, 40, 44, 18, 3.67, 0.75, 
    73, 39, 1.25, 5, 29, 19), sex = structure(c(2L, 2L, 2L, 1L, 
    1L, 2L, 1L, 2L, 2L, 1L, 1L, 2L, 2L, 1L, 1L, 1L, 1L, 1L, 2L, 
    2L, 2L, 2L, 2L, 1L, 2L, 1L, 1L, 1L, 1L, 1L, 1L, 2L, 1L, 1L, 
    1L, 2L, 2L, 2L, 2L, 2L, 1L, 2L, 2L, 1L, 2L, 1L, 2L, 1L, 2L, 
    2L, 2L, 2L, 2L, 1L, 1L, 1L, 2L, 1L, 1L, 1L, 2L, 1L, 1L, 2L, 
    1L, 1L, 2L, 2L, 1L, 2L, 2L, 1L, 2L, 1L, 1L, 1L, 1L, 1L, 2L, 
    1L, 1L, 2L, 1L, 1L, 2L, 2L, 2L, 2L, 2L, 2L, 2L, 1L, 1L, 1L, 
    1L, 1L, 1L, 1L, 1L, 1L, 1L, 1L, 2L, 1L, 2L, 2L, 1L, 2L, 2L, 
    2L, 1L, 2L, 2L, 2L, 1L, 1L, 2L, 1L, 2L, 2L, 1L, 1L, 2L, 2L, 
    1L, 1L, 1L, 1L, 1L, 2L, 2L, 2L, 2L, 2L, 1L, 2L, 1L, 1L, 1L, 
    1L, 1L, 1L, 2L, 1L, 1L, 1L, 2L, 2L, 2L, 2L, 2L, 1L, 2L, 2L, 
    1L, 2L, 1L, 2L, 1L, 2L, 2L, 2L, 2L, 2L, 1L, 1L, 1L, 2L, 1L, 
    1L, 1L, 2L, 1L, 1L, 2L, 1L, 1L, 2L, 2L, 1L, 2L, 2L, 1L, 2L, 
    1L, 1L, 1L, 1L, 1L, 2L, 1L, 1L, 2L, 1L, 1L, 2L, 2L, 2L, 2L, 
    2L, 2L, 2L, 1L, 1L, 1L, 1L, 1L, 1L, 1L, 1L, 1L, 1L, 1L, 2L, 
    1L, 2L, 2L, 1L, 2L, 2L, 2L, 1L), .Label = c("F", "M"), class = "factor")), .Names = c("meth", 
"item", "y", "age", "sex"), row.names = c(1L, 2L, 3L, 4L, 5L, 
6L, 7L, 8L, 9L, 10L, 11L, 12L, 13L, 14L, 15L, 16L, 17L, 18L, 
19L, 20L, 21L, 22L, 23L, 24L, 25L, 26L, 27L, 28L, 29L, 30L, 31L, 
32L, 33L, 34L, 35L, 36L, 37L, 38L, 39L, 40L, 41L, 42L, 43L, 44L, 
45L, 46L, 47L, 48L, 49L, 50L, 51L, 52L, 53L, 54L, 55L, 56L, 57L, 
58L, 59L, 60L, 61L, 62L, 63L, 64L, 65L, 66L, 67L, 68L, 69L, 70L, 
71L, 72L, 73L, 74L, 75L, 76L, 77L, 78L, 79L, 80L, 81L, 82L, 83L, 
84L, 85L, 86L, 87L, 88L, 89L, 90L, 91L, 92L, 93L, 94L, 95L, 96L, 
97L, 98L, 99L, 100L, 101L, 102L, 103L, 104L, 105L, 106L, 107L, 
108L, 109L, 110L, 111L, 223L, 224L, 225L, 226L, 227L, 228L, 229L, 
230L, 231L, 232L, 233L, 234L, 235L, 236L, 237L, 238L, 239L, 240L, 
241L, 242L, 243L, 244L, 245L, 246L, 247L, 248L, 249L, 250L, 251L, 
252L, 253L, 254L, 255L, 256L, 257L, 258L, 259L, 260L, 261L, 262L, 
263L, 264L, 265L, 266L, 267L, 268L, 269L, 270L, 271L, 272L, 273L, 
274L, 275L, 276L, 277L, 278L, 279L, 280L, 281L, 282L, 283L, 284L, 
285L, 286L, 287L, 288L, 289L, 290L, 291L, 292L, 293L, 294L, 295L, 
296L, 297L, 298L, 299L, 300L, 301L, 302L, 303L, 304L, 305L, 306L, 
307L, 308L, 309L, 310L, 311L, 312L, 313L, 314L, 315L, 316L, 317L, 
318L, 319L, 320L, 321L, 322L, 323L, 324L, 325L, 326L, 327L, 328L, 
329L, 330L, 331L, 332L, 333L), class = "data.frame")
